1514764800000, 68965495, 233.39999999999998, 57048689, 190.79999999999998, 46988223, 149.54, 57123959, 99.0, 2073520, 89.3, 64854347, 86.46, 4985602, 83.69999999999999, 74661305, 79.2, 52188782, 74.33, 54399408, 74.2
1514851200000, 57048689, 490.99999999999994, 34756900, 456.46999999999997, 57123959, 429.29999999999995, 1811585, 419.76, 61986282, 402.6, 64888397, 398.0899999999999, 63591393, 344.2, 43661348, 329.70000000000005, 12443097, 321.30000000000007, 450196, 315.98
1514937600000, 33213475, 1544.74, 40118532, 1301.81, 77757865, 1132.56, 46565646, 934.1999999999999, 79437344, 774.18, 78124169, 700.5, 43678268, 693.1999999999999, 56606505, 687.39, 46743487, 607.1999999999999, 37012629, 536.67
1515024000000, 62938502, 395.94, 47109348, 389.2, 17173195, 386.40000000000003, 68890766, 353.14, 57267911, 332.94, 47037700, 316.03, 11960208, 299.22, 57048689, 299.1, 26805097, 291.18, 74755960, 281.61
1515110400000, 2073520, 1358.1399999999996, 64646953, 1347.84, 40118532, 1095.4099999999999, 76165388, 1037.3999999999999, 51878992, 994.0, 69745052, 954.0, 69563353, 936.54, 34419602, 924.76, 74662660, 728.31, 59003930, 705.66
1515196800000, 57048689, 468.3, 25141914, 357.5, 17173195, 282.42999999999995, 2073520, 271.79999999999995, 47032762, 259.2, 57076816, 232.3, 76739302, 208.56, 65499127, 203.07, 37674938, 186.7, 29899499, 159.72
1515283200000, 62963437, 461.34, 9370, 451.2, 66363989, 364.36, 9271683, 337.62999999999994, 46890990, 330.98999999999995, 79173649, 267.2, 64775608, 249.79999999999998, 1826961, 225.39999999999998, 26272277, 220.81, 78666432, 172.99999999999997
1515369600000, 66076737, 614.4599999999999, 73897084, 448.06, 44420772, 443.31, 18946565, 432.78, 51878992, 429.29999999999995, 72396715, 361.02000000000004, 35951226, 333.79999999999995, 36500408, 309.54, 59188335, 295.39, 15785326, 280.74
1515456000000, 51878992, 623.8000000000001, 15701094, 544.62, 54547503, 487.8, 69314593, 478.95, 2073520, 461.69999999999993, 17173195, 439.2, 48028967, 429.45, 25141914, 394.2, 23078829, 353.56, 71408207, 319.47999999999996
1515542400000, 51878992, 911.8000000000001, 2073520, 768.68, 63591393, 493.9, 25141914, 396.3, 17173195, 380.59999999999997, 66418833, 364.5, 46959561, 363.0, 5310634, 345.0, 1658894, 335.97999999999996, 55112810, 335.61
1515628800000, 51087612, 1002.8400000000001, 51878992, 831.0, 54609914, 689.16, 84321641, 658.7599999999999, 54232596, 571.02, 65256487, 428.87999999999994, 68141594, 413.94, 44053468, 400.99999999999994, 79251533, 395.40000000000003, 2289495, 348.52
1515715200000, 51878992, 1000.0, 57048689, 775.9, 47969486, 531.94, 62222075, 432.6499999999999, 60783017, 416.78999999999996, 38331232, 390.91, 2073520, 325.6, 63895072, 310.09999999999997, 66332358, 257.0, 23078829, 246.89999999999998
1515801600000, 51878992, 1036.3000000000002, 64354920, 946.89, 60674711, 820.8299999999999, 72040400, 627.0, 36256008, 570.0, 57048689, 547.9, 38331232, 516.0, 2073520, 456.55, 33605332, 426.42, 55678593, 369.3
1515888000000, 73137363, 310.5, 49620833, 210.6, 76781058, 188.1, 12443097, 186.29999999999998, 57229288, 179.31, 27077287, 170.1, 3017681, 166.49999999999997, 45524127, 157.5, 34502232, 154.51999999999998, 337474, 129.9
1515974400000, 51878992, 1066.3999999999999, 2073520, 600.9, 57048689, 518.5999999999999, 9271683, 516.78, 35448296, 497.76, 23078829, 428.71, 31713359, 312.0, 16989055, 303.45, 38331232, 294.90000000000003, 52131820, 256.5
1516060800000, 51878992, 1425.6999999999998, 38331232, 1194.6999999999998, 65614411, 849.75, 25141914, 593.8, 1246834, 586.74, 56166904, 576.5999999999999, 15468661, 540.58, 68214711, 510.3, 74791119, 505.89, 2073520, 464.79999999999995
1516147200000, 63651819, 960.1, 57916836, 851.4, 33421419, 771.5400000000001, 73512218, 648.6099999999999, 54928688, 630.3, 70901036, 578.9, 49906049, 533.1, 63336211, 490.59999999999997, 67057626, 481.79999999999995, 64540670, 438.6
1516233600000, 60230477, 428.01, 62507509, 362.46000000000004, 51878992, 343.8, 56342659, 332.1, 31600138, 255.53999999999996, 74691226, 250.92, 60205911, 246.21999999999997, 34835062, 222.0, 69952717, 220.1, 73778536, 198.9
1516320000000, 2073520, 1167.34, 38331232, 1019.3000000000001, 51878992, 964.5999999999999, 56825716, 870.1800000000002, 57123959, 801.0, 54291020, 720.1200000000001, 81039269, 712.47, 106834, 611.82, 78514751, 444.79999999999995, 64270364, 408.5799999999999
1516406400000, 57048689, 1203.2999999999997, 48038238, 803.22, 1067566, 627.66, 2073520, 464.8999999999999, 60851162, 412.7, 63775488, 399.59999999999997, 63591393, 383.2, 72473320, 377.84999999999997, 4059147, 360.4, 37987242, 350.9
1516492800000, 51878992, 402.09999999999997, 3770357, 256.3, 60547014, 255.83, 3693550, 248.39999999999998, 72863708, 220.79999999999998, 73144719, 208.2, 39244115, 197.6, 35591703, 196.5, 31294013, 193.5, 38331232, 193.49999999999997
1516579200000, 38331232, 528.3, 20990381, 462.03999999999996, 32794980, 437.4, 2073520, 409.19999999999993, 22528152, 355.02000000000004, 58314766, 353.7, 5340020, 321.0, 46918499, 310.08, 63591393, 306.45000000000005, 19395153, 299.1
1516665600000, 38331232, 1058.19, 44784364, 663.63, 51878992, 636.6999999999999, 76012420, 578.86, 61986282, 571.51, 66476244, 528.6, 69678834, 517.4399999999999, 61172258, 417.45, 62372348, 410.19, 68331000, 377.22999999999996
1516752000000, 51878992, 631.3999999999999, 79666928, 614.5799999999999, 65183669, 558.15, 31638827, 374.40000000000003, 57901448, 373.96999999999997, 45086985, 342.17999999999995, 61828930, 297.78000000000003, 76992358, 262.71999999999997, 30138999, 247.28999999999996, 51001833, 244.79999999999998
1516838400000, 39620600, 688.39, 854488, 622.7099999999999, 25141914, 548.4999999999999, 2073520, 532.8000000000001, 75911032, 532.7099999999999, 80543630, 471.32, 58720782, 385.9, 78605904, 385.11, 57101688, 384.78, 51878992, 379.5
1516924800000, 1927937, 930.39, 84538667, 668.99, 62380218, 639.8, 2073520, 601.9, 17231624, 599.4, 38331232, 575.4799999999999, 30771940, 555.3, 53453269, 504.9, 51878992, 495.2, 18426496, 490.9
1517011200000, 57048689, 1741.5, 40118532, 1518.07, 2073520, 1119.8999999999999, 12582762, 1104.0, 25504325, 1002.3, 44053468, 706.0, 56166904, 689.5999999999999, 43644377, 550.1999999999999, 35591703, 480.0, 48110597, 441.6
1517097600000, 23078829, 725.3, 51878992, 725.1, 7531892, 567.3, 38371156, 525.4399999999999, 67628274, 388.98, 2073520, 378.21999999999997, 1460968, 307.35, 16909680, 277.99999999999994, 19290034, 216.29999999999998, 122453, 207.68999999999997
1517184000000, 51878992, 1146.9, 12949267, 1072.83, 67691516, 817.74, 9271683, 678.4200000000001, 57048689, 581.4, 33709294, 513.89, 35591703, 485.5, 64440825, 459.3, 29109674, 455.0, 59460227, 425.2
1517270400000, 14480101, 639.66, 64389788, 516.24, 56907400, 473.61, 38702362, 460.67999999999995, 34881871, 450.45, 40554705, 408.28999999999996, 64484784, 394.2, 51878992, 389.30000000000007, 63119682, 355.29999999999995, 20556626, 346.83
1517356800000, 77640573, 261.81, 17660585, 244.01999999999998, 75911032, 208.31, 67798076, 186.45, 73137363, 169.73999999999998, 80548680, 148.94, 55199711, 134.47, 54409812, 128.78, 5613034, 92.6, 51905269, 83.10000000000001
1517443200000, 40118532, 1325.67, 49906049, 957.3299999999999, 70590156, 927.75, 3017681, 783.5499999999998, 61336885, 781.5, 77954107, 777.9, 65067919, 763.5999999999999, 62266564, 748.62, 51878992, 638.0999999999999, 57048689, 602.3
1517529600000, 4120391, 1004.93, 63119682, 911.4200000000001, 75911032, 893.5799999999999, 35560173, 874.2900000000001, 1706461, 799.38, 51878992, 777.8, 72918945, 692.7900000000001, 25141914, 671.9599999999999, 28828459, 666.72, 68752205, 648.78
1517616000000, 2073520, 1023.7, 57048689, 755.7, 38331232, 696.9999999999999, 78434669, 564.05, 5310634, 507.0, 76295192, 492.03, 35591703, 463.2, 3770357, 425.59999999999997, 53020238, 416.12999999999994, 12582762, 402.7
1517702400000, 25141914, 291.90000000000003, 14668198, 269.4, 7575776, 239.39999999999998, 55678593, 236.99999999999997, 35591703, 218.6, 422086, 202.2, 2073520, 193.17999999999998, 76155253, 189.29999999999998, 47123844, 182.1, 45502378, 174.5
1517788800000, 40118532, 673.9499999999999, 38331232, 642.5, 38834377, 634.59, 57048689, 613.5, 57285736, 544.6899999999999, 37061451, 527.6999999999999, 76340271, 492.47999999999996, 2073520, 444.8, 33605332, 427.69999999999993, 39620600, 420.99999999999994
1517875200000, 2258463, 767.55, 47517981, 687.72, 30644652, 662.2, 51878992, 655.2, 84222047, 607.38, 44060027, 517.4399999999999, 83405804, 501.27, 2073520, 463.2, 48178156, 412.95, 65353134, 397.32
1517961600000, 67570194, 598.62, 2375860, 511.28999999999996, 21286079, 506.34, 46062714, 471.9, 79257649, 424.46, 49906049, 418.35, 20394985, 411.3, 57048689, 392.79999999999995, 62269531, 365.1, 41824747, 364.59
1518048000000, 51878992, 1625.6, 10344179, 525.6899999999999, 41126079, 519.9, 57048689, 513.3, 61986282, 497.69999999999993, 38331232, 494.29999999999995, 50341182, 486.87, 5340020, 459.0, 33605332, 452.40000000000003, 73876065, 452.09999999999997
1518134400000, 51878992, 935.6, 64397379, 901.5300000000001, 18626273, 673.65, 45097, 630.4200000000001, 58708373, 559.02, 71018133, 496.65, 9522144, 490.99999999999994, 74266243, 486.75, 77113804, 478.98, 355880, 475.2
1518220800000, 51878992, 1685.2000000000003, 57048689, 1634.1000000000001, 2073520, 1220.7, 35591703, 931.8, 63591393, 901.53, 57076816, 642.9000000000001, 75939797, 603.6899999999999, 56166904, 586.8, 12443097, 483.0, 21674888, 438.3
1518307200000, 51598241, 852.18, 22502625, 596.1, 18782343, 468.9, 59987951, 450.15999999999997, 48246302, 444.51, 50210704, 438.84, 65272023, 404.25, 63894116, 393.69, 65348130, 375.37000000000006, 51878992, 341.6
1518393600000, 64889900, 887.43, 51878992, 754.3, 49668339, 681.4499999999999, 2073520, 623.1999999999998, 68655550, 564.63, 63591393, 413.28, 79109603, 385.77, 38210046, 361.47, 57048689, 337.7, 42746821, 332.43
1518480000000, 54196735, 1033.27, 16909483, 843.4799999999999, 32300834, 755.52, 66221729, 687.76, 58193603, 683.7599999999999, 12443097, 639.5400000000001, 59395862, 564.51, 51878992, 547.3, 78877401, 518.43, 38331232, 471.9
1518566400000, 45840695, 796.74, 51878992, 639.2, 9437749, 617.43, 69464265, 597.4899999999999, 60736816, 571.0899999999999, 62096858, 526.35, 2073520, 518.76, 60025659, 514.7, 77152345, 473.34, 61011842, 374.96
1518652800000, 69555093, 761.97, 40118532, 726.28, 65820219, 691.1400000000001, 12582762, 678.6999999999999, 12626070, 582.78, 2073520, 573.1899999999999, 26436731, 500.06, 51878992, 484.29999999999995, 38331232, 482.2, 25141914, 454.84
1518739200000, 920052, 884.4, 12802407, 701.5799999999999, 60025659, 686.0200000000001, 67291819, 670.68, 48751578, 623.7399999999999, 19946911, 541.9799999999999, 67586182, 527.13, 57523214, 499.28999999999996, 13511540, 492.36, 61986282, 475.00000000000006
1518825600000, 25141914, 769.1999999999999, 57048689, 716.7, 43644377, 661.9, 2073520, 475.52, 57113728, 473.8, 38331232, 412.3, 74505427, 358.05, 49423241, 330.9, 32140220, 300.59999999999997, 63423891, 298.9
1518912000000, 23078829, 578.9, 55678593, 401.2, 64155512, 332.06, 5445298, 285.49999999999994, 51878992, 272.59999999999997, 49420036, 270.93, 54089823, 245.5, 64531310, 237.5, 8878887, 231.14, 25265344, 217.26
1518998400000, 25141914, 535.4, 2073520, 473.2, 3770357, 386.55, 57113728, 338.1, 25504325, 282.6, 45676047, 256.5, 51878992, 256.0, 65535536, 242.33999999999997, 66105864, 225.18, 56679104, 207.6
1519084800000, 51878992, 1017.3, 38331232, 856.23, 65213775, 655.75, 57048689, 556.2, 68251377, 399.37999999999994, 25141914, 375.09999999999997, 2073520, 372.14, 77653522, 357.72, 27920024, 330.06000000000006, 5547491, 328.0
1519171200000, 51878992, 997.0999999999999, 67416055, 862.74, 67701793, 777.93, 64565279, 519.79, 64898446, 491.82000000000005, 72453554, 466.53, 66581027, 465.8499999999999, 40118532, 350.82, 75911032, 342.3, 78371232, 340.22
1519257600000, 65241670, 838.32, 51878992, 779.7, 26035061, 635.62, 57048689, 503.5, 84961100, 423.84, 47372875, 418.22999999999996, 15274467, 371.95, 25141914, 349.59999999999997, 64415744, 339.36, 39620600, 334.74000000000007
1519344000000, 51878992, 1692.9999999999998, 72050670, 1374.45, 79751302, 1065.0299999999997, 34740606, 978.57, 58596490, 658.4, 59460227, 618.06, 57048689, 615.3, 60206023, 608.2599999999999, 20982021, 594.9, 50168457, 575.3100000000001
1519430400000, 35980718, 1095.7, 40118532, 922.2799999999999, 66581027, 868.5400000000001, 57048689, 765.9, 38331232, 714.4, 48110597, 622.8, 65373776, 593.3399999999999, 12582762, 546.1, 515049, 485.7, 8619916, 451.97999999999996
1519516800000, 51878992, 609.3, 23078829, 537.4, 2424676, 342.5799999999999, 21817067, 296.50000000000017, 2073520, 264.4, 57663081, 215.7, 57076816, 194.39999999999998, 12443097, 193.4, 59900427, 162.89999999999998, 29899499, 139.5
1519603200000, 22502625, 730.0, 51878992, 642.5000000000002, 56166904, 573.91, 35980718, 560.6, 38331232, 444.5, 2073520, 392.92, 42705168, 376.86, 450196, 299.62, 74234146, 288.13, 78548008, 278.1
1519689600000, 51878992, 1684.3999999999996, 38331232, 1020.0999999999999, 28368780, 980.94, 57048689, 935.8, 72040400, 811.2299999999999, 60143183, 781.44, 34228721, 772.1999999999999, 4008701, 679.4099999999999, 63625157, 640.53, 63669488, 594.0
1519776000000, 51878992, 486.20000000000005, 67214539, 350.0, 52950109, 329.79, 76287895, 214.28999999999996, 31638827, 192.2, 106834, 159.33, 82774881, 150.26999999999998, 59960698, 130.5, 32171272, 126.73, 69313662, 123.6
1519862400000, 18868541, 36.0, 35757574, 23.4, 50094963, 21.9, 68399181, 21.599999999999998, 8203131, 20.13, 76260219, 19.8, 51878992, 17.4, 55183575, 17.4, 66162794, 15.0, 69751115, 14.1
1519948800000, 72653894, 14.1, 25318459, 11.7, 65673927, 10.2, 50180668, 8.7, 68728168, 7.199999999999999, 43550731, 6.6, 32997775, 6.6, 15314432, 6.3, 1931421, 6.3, 67404116, 6.3
1520035200000, 66732933, 24.9, 36736213, 22.199999999999996, 54611666, 12.6, 26511588, 9.0, 53936184, 9.0, 67897806, 5.7, 77720907, 5.5, 15943104, 5.1, 28588861, 4.8, 1382346, 4.2
1520121600000, 8010, 9.9, 33838752, 6.8999999999999995, 85107791, 6.899999999999999, 65276105, 5.7, 19394570, 4.5, 59282180, 4.5, 42936585, 4.2, 66641761, 4.2, 4123338, 4.2, 82443667, 3.9
1520208000000, 49484120, 7.199999999999999, 64027912, 4.5, 70156299, 3.3, 71872596, 2.6999999999999997, 66689150, 2.5, 39256963, 2.0999999999999996, 64401061, 1.7999999999999998, 81762452, 1.5, 47856421, 1.5, 16953748, 1.5
1520294400000, 68521406, 16.5, 67928411, 7.199999999999999, 53165245, 6.8999999999999995, 26396812, 6.6, 48276181, 6.3, 67389179, 5.3999999999999995, 64414352, 4.2, 14577152, 3.9, 85129344, 3.9, 13715796, 2.4
1520380800000, 25020225, 7.8, 76108829, 4.8, 31241046, 2.6999999999999997, 23561971, 2.4, 25946139, 2.0999999999999996, 57859599, 2.0999999999999996, 72560860, 1.7999999999999998, 78169502, 1.7999999999999998, 19190372, 1.5, 63464218, 1.4
1520467200000, 67961891, 11.799999999999999, 10329685, 10.6, 68079354, 8.1, 66685223, 7.8999999999999995, 84492781, 7.8, 59689153, 6.3, 72920371, 5.1, 41847830, 4.8, 22895112, 4.6, 69280534, 4.2
1520553600000, 18234515, 6.6, 50079274, 3.3, 16410302, 2.4, 83246354, 2.1, 32171272, 1.7999999999999998, 63306780, 1.5, 114538, 1.5, 69624277, 1.2, 67281652, 1.2, 66427193, 1.0
1520640000000, 76690275, 2.1, 724138, 2.1, 59338759, 0.7, 36526881, 0.7, 76794305, 0.7, 51131503, 0.7, 68657311, 0.7, 83255121, 0.7, 60656961, 0.7, 26443191, 0.7
1520726400000, 62484116, 1.5, 57642382, 1.2, 56770824, 1.2, 4859619, 0.7, 84525198, 0.7, 23973141, 0.7, 54308602, 0.7, 36602622, 0.7, 79644125, 0.7, 18234515, 0.7
1520812800000, 42879545, 2.1, 27185135, 1.5, 57567479, 1.4, 26537353, 1.4, 73116038, 1.2, 36369215, 0.8999999999999999, 51506193, 0.8999999999999999, 85208353, 0.8999999999999999, 84325224, 0.7, 81560030, 0.7
1520899200000, 30006326, 0.8999999999999999, 46537703, 0.7, 77720907, 0.7, 67059299, 0.7, 55531587, 0.7, 46980284, 0.7, 81595102, 0.7, 46988223, 0.7, 54702273, 0.7, 114538, 0.7
1520985600000, 51388261, 1.2, 64725008, 0.7, 67690897, 0.7, 165637, 0.7, 15184495, 0.7, 57057938, 0.7, 83886871, 0.7, 63537297, 0.3, 76829741, 0.0, 85243087, 0.0
1521072000000, 63103986, 2.1, 16725220, 0.7, 81980328, 0.7, 45189990, 0.7, 56500782, 0.7, 42879545, 0.7, 7197814, 0.7, 30006326, 0.7, 85134632, 0.7, 60641078, 0.6
1521158400000, 68805985, 1.4, 61986282, 0.7, 78262078, 0.7, 59168566, 0.7, 51609236, 0.6, 85264461, 0.3, 59842247, 0.3, 85267362, 0.0, 85264612, 0.0
1521244800000, 8804725, 0.7, 71408207, 0.7, 63632184, 0.7, 59031591, 0.7, 36478618, 0.7, 79181712, 0.0, 26702451, 0.0
1521331200000, 67590681, 6.0, 48410400, 1.2, 11144559, 0.7, 66556460, 0.7, 60947244, 0.7, 65895136, 0.0, 78931478, 0.0, 64711146, 0.0
1521417600000, 12626070, 1.5, 1184284, 0.8999999999999999, 66441569, 0.8999999999999999, 32496968, 0.7, 69004391, 0.7, 57411182, 0.7, 23278223, 0.7, 71900508, 0.7, 984363, 0.7, 13291598, 0.7
1521504000000, 9549801, 0.8999999999999999, 75153619, 0.7, 66945986, 0.7, 84773025, 0.7, 73562064, 0.6, 55988245, 0.3, 85331532, 0.0, 82295726, 0.0, 85325807, 0.0, 85317838, 0.0
1521590400000, 30166365, 1.5, 85049852, 0.7, 84990285, 0.7, 20448563, 0.7, 12889273, 0.6, 65909036, 0.6, 79234769, 0.6, 43989240, 0.0, 85347350, 0.0
1521676800000, 23315563, 1.4, 58602547, 1.0, 65473398, 0.7, 51081186, 0.7, 76769483, 0.7, 3350567, 0.7, 43772295, 0.7, 1651431, 0.7, 61911174, 0.7, 49716641, 0.7
1521763200000, 85372754, 2.0999999999999996, 46946261, 1.2, 85064260, 0.7, 85372693, 0.7, 15030005, 0.7, 81943222, 0.7, 40872553, 0.7, 73237950, 0.7, 67484748, 0.7, 50170294, 0.3
1521849600000, 421955, 1.4, 40957453, 1.2, 37353114, 0.7, 26308038, 0.7, 42879545, 0.7, 68521406, 0.7, 85378440, 0.0, 85384796, 0.0, 85387469, 0.0, 85379114, 0.0
1521936000000, 37475235, 0.8999999999999999, 78826773, 0.3, 15285384, 0.3, 85398476, 0.0, 61616251, 0.0, 85389591, 0.0, 9522144, 0.0, 85400172, 0.0, 85396743, 0.0
1522022400000, 66180994, 2.4, 11237620, 1.2, 77720907, 0.7, 48339525, 0.7, 8285311, 0.7, 82311758, 0.0, 85407829, 0.0, 85408582, 0.0, 85403107, 0.0, 66500054, 0.0
1522108800000, 74779631, 1.4, 3959098, 1.2, 76885022, 1.2, 67690897, 0.7, 85417152, 0.7, 51807336, 0.7, 2110483, 0.7, 82894622, 0.7, 30650487, 0.3, 85418636, 0.0
1522195200000, 54620191, 0.8999999999999999, 61081238, 0.7, 47027282, 0.7, 23602170, 0.6, 85432931, 0.0, 85424374, 0.0, 61744342, 0.0, 85443719, 0.0, 85436572, 0.0, 85440432, 0.0
1522281600000, 57320526, 3.0, 67711219, 1.2999999999999998, 84924005, 0.7, 6495955, 0.7, 85134632, 0.7, 788867, 0.3, 85455788, 0.3, 85447722, 0.0, 85453756, 0.0, 766073, 0.0
1522368000000, 26808051, 1.2, 83437938, 0.7, 64825790, 0.7, 82638812, 0.7, 20813028, 0.7, 61185114, 0.3, 56607523, 0.0
1522454400000, 6495955, 0.7, 84991136, 0.7, 20406144, 0.3, 85478617, 0.0, 51138185, 0.0, 85482632, 0.0, 25672018, 0.0, 85479161, 0.0
1522540800000, 66140900, 1.2, 71396990, 0.7, 27700003, 0.7, 36218240, 0.6, 31139928, 0.3, 85490265, 0.0, 49409505, 0.0
1522627200000, 675571, 1.2, 85151029, 0.7, 60834232, 0.7, 11144559, 0.7, 82226571, 0.7, 9549801, 0.7, 61799587, 0.7, 85490265, 0.7, 84745826, 0.7, 28129655, 0.3
1522713600000, 46148869, 1.2, 788867, 0.7, 53165245, 0.7, 74603488, 0.7, 85138483, 0.7, 53667369, 0.7, 85512230, 0.3, 63106311, 0.3, 85512593, 0.3, 85511830, 0.0
1522800000000, 66140900, 0.7, 63433384, 0.7, 36218240, 0.7, 47249146, 0.7, 74689120, 0.7, 66366280, 0.7, 74099680, 0.7, 64753975, 0.7, 1695194, 0.7, 45189990, 0.7
1522886400000, 79194965, 1.5, 60702762, 1.0, 69106652, 0.8999999999999999, 60834232, 0.7, 36218240, 0.7, 84992051, 0.7, 71851370, 0.7, 40957453, 0.7, 32271878, 0.6, 72946773, 0.3
1522972800000, 77809927, 0.8999999999999999, 53165245, 0.7, 49512406, 0.7, 30006326, 0.7, 4912609, 0.7, 36218240, 0.7, 37475235, 0.7, 72389189, 0.3, 85541673, 0.0, 58089209, 0.0
1523059200000, 77809927, 0.7, 66879474, 0.7, 72389189, 0.7, 3630212, 0.6, 75947717, 0.0, 12858956, 0.0
1523145600000, 874543, 0.7, 788867, 0.7, 59665831, 0.7, 12858956, 0.7, 77723689, 0.7, 65500914, 0.7, 69580355, 0.7, 68521406, 0.7, 85565109, 0.0, 20868381, 0.0
1523232000000, 85565109, 1.4, 84662891, 0.7, 23806038, 0.7, 12858956, 0.7, 55652408, 0.7, 68996657, 0.7, 69106652, 0.7, 85063973, 0.7, 85580682, 0.3, 78169502, 0.0
1523318400000, 59105249, 0.8999999999999999, 3630212, 0.7, 66632775, 0.7, 30578981, 0.7, 63483890, 0.7, 53165245, 0.7, 78169502, 0.7, 72389189, 0.7, 69167875, 0.7, 85175815, 0.7
1523404800000, 67227572, 0.7, 61185114, 0.7, 59105249, 0.7, 55051474, 0.7, 77745840, 0.6, 85237669, 0.0, 85070149, 0.0, 85237695, 0.0, 30006326, 0.0, 82352708, 0.0
1523491200000, 71448280, 1.4, 72560860, 0.7, 26421462, 0.7, 65737693, 0.3, 64637942, 0.0, 85620061, 0.0, 23394662, 0.0, 85623895, 0.0
1523577600000, 58149552, 0.7, 59105249, 0.7, 14577152, 0.7, 85635357, 0.0, 84882422, 0.0, 85629778, 0.0
1523664000000, 77745840, 0.7, 42982778, 0.0
1523750400000, 20365654, 1.0, 77809927, 0.7, 3630212, 0.7, 68503595, 0.7, 14577152, 0.7, 39829394, 0.0, 69219059, 0.0
1523836800000, 72403955, 1.2, 85580682, 0.7, 85565109, 0.7, 85591203, 0.7, 1695194, 0.7, 63013020, 0.7, 70157090, 0.7, 85629778, 0.7, 85664796, 0.3, 17178177, 0.3
1523923200000, 84991136, 0.7, 40957453, 0.7, 51388261, 0.7, 3630212, 0.7, 74489605, 0.6, 68614058, 0.0, 85682542, 0.0, 31810333, 0.0, 57707187, 0.0, 60483065, 0.0
